$ANSIBLE_VAULT;1.1;AES256
31343336336139393537366234356462643464373638313937333038386531646164653338306263
3963396133373634386561366263373461363438633630380a623762373336386364663962666564
65633636336636303564356264633435616236383866373965393338666461373535616530363930
3735383236663863640a393662383337626161353666633061303463613463386466646536626635
64333930653939653432333961623763323233306163343437666336306330393563613837326634
62303932393335356439326332376565616461326137666361323161353032393837626561386261
34623132313533636134663962626665386361346532376664643030633834323564333439313439
32323262393131646330633938323536363636643836306634326566623933333935386565626466
34396536663863636161353462376237363938643666356631356665393966346464616465303864
36373439636166353962396437623639323034356438643139323336343931613166616539616165
36343939343736356535383666363830366237636233366631326536353865356566373935643039
61323239623635343666336635333139306139323861656264363335303836633261653436326631
39313431363665306263653631336639393765396638336263396535643661616230326336636434
64653630633630313037303032623463353663373032353731623036623732376233393732666634
64343862313537303938666233656530303332616661313962353733653462633136343161373839
33316361303936666438383139613561646436396337316138306466306464643665616132616630
63653539643033363238356564333038316330613036643030383334363632333862613266363737
35373262613934383939346562343563306232323664303166333732326132363961306462383834
61626664663432346333373732356539303032373531376237326439616438383839626534323537
61303731666166656538613235646135373865393639666432323034623663353934336438383135
34653930333562663163616234626331633439363439613965376362616233306236663331313966
34616261393966613762663365376639343761383464653664306261326366643935616432356238
30366235363030383461653139613139656563323562393830373139336563613637393635623630
64656366636130366565353065633435633233663130616238613764643039633737353530326337
34316663656666343632633762656430366433663964616237336136386661393034636639396136
33376566326132336637333139383631363331303662633065333334316163656237383132666261
39643832623734633036653037323762636634636332336461383334616561333461363261616531
37333261633938653434373538633866663966336532613033636233636439313434613063633262
33626534656562393966663938623436376266613566393735376661313037373033333862623261
38656130383835613939643935353636643865323165346535343162353638613034623365633463
61663639636438313032363561313134383036626165313262656436643632313362363162313236
66663433336134616231396164646230383335346633343132646536383636653234616530313536
34653263363963363134613864333039623735373161343639363261653335623139613165613062
35666539383332346161346266623264383235383134373465356435363966313533363938366338
66346237323031313830383835353465336131376430393934326638346136623630376139333436
32363337306164616364316332636130636165323230653263393531393261643338303035306434
61636262636539643234323161326231356236383130653563343339333235396265326364363666
38343536383835313062346165353238643663363861393262346532633538366132643730366361
35383563633138383131363534323635613630653330666433306132366534633035303336316463
64306231626235333562613339656436346437663232373165613332313737613632373361656236
37333931656539306139343730623764383739323265326631613135653538633961396231396365
30616365643536633763623065343233626639343130653664353062666162326263386165613463
34353963303231363731313438326163393461313033343336343739313936616637636237646232
61633235376538316163363866356339643235363332663732393831616262323734306136396261
62653234643934663733656539373761373766353639333965333734313939386466393637666136
31366633613764643264333030643030376535646463326162323861636566306664386266633235
32643266656531326664383665376235336562653065303261336464653966376464663866306465
37653134313830613233393065396633666633373964376333663730396234376638346130353761
38643033343336313765633965623939656163343036316536323536666538356563653431393062
66393161646534353837373263383830653137343261333230316134386330653337323962663734
31613135323233623339663465303233383532393332386632376134646638666230393434616138
33383363616266383964643634306134643366303337643165336336646363373237333138326134
35666535393564313630633937646163326135643261336131333131396366396135366463633531
30353030363239383631333132306365636538396366623331323936616165666535373064353834
33303337303437653435326435383037343036616166306261373330636239653133343534343065
30303837376233613137356531613337323038303834323566343666626165396335393662373966
35313837343865646337396464633866636563386239376234396665303536386134363536393832
64626665326638343262396335366131656466376562656363323866333739616633626433666364
32646136383164373766643839616665653934333064633934353561656435326539393764343934
62333836376535343431333166616264613064356163633938616534623130393364383133386636
62626439666565653366393030616339613031306366386661623535333564616431303138373163
37346239333138376263316366383564393261626537323333323033363936393862633232613635
38663730613433396230356631663933323861346361383330363163333731356233333831346466
38636435393638623230613061333264353132336463303931656166356565623630663435646134
65656362383436396566323365383261613164376631636164656630636436346438313334373735
38356362643766643336623466313666306435316634303064623038383934656633646539386233
38646437343530303831623539306435656463383632316435623930366465303837393638633964
63363964366633363533633938386132326433393466383638333461616661363562356432396130
37383663653763363761303430383266393739623764623635633339663838633332386536666332
65306565323737363963643361646332633831393638653736623461653032326233623665316164
30613165313763343964373963636666636639313335636133383039636163343939326261393035
63303231383535363562356235663963313732616630303733373062376339633535663562626162
64373836366130643065326437326364383864393135656163366635336464333837326539633632
38623330623763663939646634383439353630323631663535653436633331343834306639363531
38313666333436393461616438323232366532633738663335326632353635373266303462633661
66623162356436303462663838363065303032326361393661396636383130323835323739623830
36366164666361383333356138303034313766313336333563363434343264623730383535383932
36373438323139616163633937353239373263343463373937333135656661373632333964393434
32646164376164616137653335393463633535363062633361643632393963386366313132393639
31316163313230336132373162353163353335663533343631323633306531363466623464383833
66396130303130386431613263663432353239383035623633666431396661633335363836663537
35346639363437363262343637623261303434303661623039613237666138333565653664316461
38646232656336656366636439653638353432386235343834653336656338393062363038613865
34343632646166373133376632383733643436333662353531383064383039383138386439313735
38643862373565303535343336303038613332306431333533376338363936383062623261656339
64333231643637363339636237393839323966343635323765326663353738366663346135656234
32313762356131623061333234353561306630386262333833353466376637613838653435343937
63653631643231393833313461306538303731626561386434383638313031376634383537636165
65316564353963376564653133373038663239316631316364623832626132396463393864353466
30636666633064363636633831616233646562643664666330663764343930323431313366353964
39303539626337663661363961643766626436313330656639643837316430306666633430363462
61353666346336326434656130383731636635613330643038376437616562643531633533383730
30613562393438396132353538353438636165363338306662663164323036386237653335363065
39616463333230663233383762643039626439323531333739643939303937623236616461643036
34316538386434356437333161383465396634396665653139643031633662633137303439363861
62326566303431373139343666386362323535356636633561643833626266396132623431633735
66393662633031356632353239356633323436613236313864323739373132656134663937653063
30346136316463393161666336326363313430373731306634666232623330373662663564346637
31656636646235393537376462373339616134626436396363313563393736313964303061663337
35373738613234386362333434623538313961383363326637616464313265636537366463376434
64316464313530633564353036326664656232336436666165323838383835663138343539346439
66663034646434316235666431636566306338393537353630613437346361643064663031343864
31306131353962653863306365366333303365643934343061396664343537303032636632333139
35393564333365653637333435323565383731336666633832373032633730353536326337353830
61383936616537353331373338316235316436326331386131336466323032326637373566646139
33643239313735333631343263613738613861323463386365313239353665666564663932373663
31396664316165666635356264356136303665383763366332336437393132323631396332343562
38373633663636636333653565333031343833616231303261376166613031303336333636393038
31343864656464393966373563373431326461363661653136376639326563366266303264666431
39366465383338653765363765643864386564316134646439343531333639346536316432383438
63353337383436323961326665386663346262386432353264333835646333623833623064663262
66366438333563623132383863376633363339386437663561303261306338373539373663383363
38616135616363626133383263366362353933623135646362666238653662656565663638396331
33636266626237373636366461323262366134393230626232626330613664323538353832323162
61396366653365643265623866643366393437353332353362346663396334326535393337373835
65353965633034333830373364393833343932663737336535343238323762653432313532626131
32653264303439623834626234393463643435353033386634376538643666656530336137633837
34316166363636373361653631336233646239623135356239336461346539303464663165313838
35386235393465323866333363313962323164316238376234303838373531326266636136366238
64366236373432646235346233396130303762383666303264633834663537643232643762653535
63363332306137303733616334333761316561643562343339646432386135623733346431396261
34343133643636656633333833633564363064633438306162323461333137626630623766636133
30633531656538333237306232313533653632386535383864613130643630643261303265343063
39313030666666653039653861613462626134393134666632363336653132303934313134623362
39353132636161623234383665633464663262623165373264373734383565373434663634383264
34656332303164666234623930363336303062643062363332663865636262326435356134626465
65303161633865396639356663313762326164323033343532643833363532303562363433653864
36663633393763616337386133383633656337316665346130346466613362613836373038653438
36343830323766623163306164303130643336663939303261623031393065313031353163323563
63386562376561323366393065643431333231376130303531646331343963636436383330383666
31306162306430346234346263356132373633303338336266353030376538383531306639653462
30326163343964306130643037333665353733313930646635633566656136373535373065613035
63343532383038366564653162396433313532383064353438313436363764623563663961663266
61346262393562396539346238633262636435316139363764393233313261336636633733333132
35383466383636623137343861623366363165333335326166326264393732356535383839623865
34623438663137333062333838613535636466666533316530356166653337616130613433653631
62666434333134303436646439326262303435393334653236333635623236356462316232616432
61323438326331616135626631633666653133316263663630623761333764643362666433663761
31633136346362613462346539613931316561323462646464636430633963363332313663626366
33343133613963613964326161323464383833393138613233373131326664356635386666633964
38316562373934633135656361363761623663643438366135386239313636383932326361373765
31643934643933313465613066653862383532653739396463336233373763323739323466653332
66386138633732333066323336383563663134383465353463623338306239633339646431643638
31373361366162306636333231313630313966306262613663383430633763623065643737623538
62353264643938613734623335396436396133353035666434386231633661323833656465336136
62363631373034363331376666396337343961383363336339653130313435663863666664613064
33396330653434663635653733613931336137663931623435623662373632343464613833636136
39303137336535343137373537643861643232626132616264656536323239393136623338393161
66316639646533356665336239653134366137626535653630663731653165303737366535326561
33663731306230313039393935653134366431613339313233383266386463313435666461656430
61623330666230363261653065356432383936633038623665326439663634663964333839653963
61646238646432363037643838336336393430323232633935636464653936643434646134616334
61663662326333646434623661353765393564336262636165363635626638633965336461383138
66363635353064653338393135663731333732613031326563353837386161363830323563363336
66663762306264386635663261326261313236373638663163613832343033353335666164303062
38306563346662303065393134306366386239313561303734323264303738636236366339653661
36386637656163376464306636383635333337303265353136646633656261383665623766336637
61353062383738303366343334646231303262313634656362343462343136623338386366613863
36373835653339323631326463303066626237323137636433396466363466626233663536333865
63363535316535393830343764613466316463623533386338326533613039313764663032343965
31623761386332353135393765336362393361613963353037363661316630656265386131633731
37383535383535633666643035613439303139326535626361323165363032333838393164346139
30323435306539643661396533616564613436366637323633366363626664363733313339313463
38616263326563376538316561303866303463303563353963303039666230303234346237396539
30356432613739306364656439623235383161616165343664663563353231393561616433383035
37653665343666353233626138333365316666396531336136373133623937366238373037333536
37616134333965346331383831316331623739663462336431313931643936336134623263363732
66663534316532303239656361386332653030653765366161666333366531323566636434643736
36343937393938313336383965366331353538323430363635313365653431336565383532383137
66383033326436313965643163613164656336663931316632313233353364336439386236383636
32333136326164376166653532373937396165353536663839656232356436363333326162306239
33366232663731386133393065313835323831306639643965313363343262646365343333343836
36383766663735353034323761363966396535346561616233336462383964333234633663613632
63306132656630363964373364366231356564663361343435373430616335313936393936323963
61616666396139613534386466623932656465616337653338316465323865306366303333343431
34646261326261303066336339303338363266333432323464363637366534363765373533626163
66393062666437353532626136383763623466646266326132323862356433376530303538303938
64623534333630613130643537366339383434346331646137666362333734643063616536353364
33333238613837313431653034323535393561616231303935366338393537633036336633633937
31643736323361363032376533616631326466646532616361323566356535326335616164333533
62363661353135376666353432613863643462333362653036643535656330633634633332636633
38373838323436623836636134303236313866363162393431323138663235643566313337393036
65366365346566663336636435343939396661616563306264356135666134306334306137653539
39636263666632393962386133613539333431306439323837313963353163356330356161616434
33393938623165643965623364316435623962643766363938623138326234373064626630613339
35353937353164376536356237366465373939326466383934303333323433633664373336616432
66313234653765323334613936346562626665313666646364383831376563326136343265356537
34343931313364636531656664353535656662336562646136313461353034636561336638613834
63336666393735656237636361616263333566333635653065636462623465356639306436636661
65313864383439613435343566393066613961623062376335663466353061353032656163353338
34633233383763666262623037313730346466656239306334333362613066633866663131643232
33373839623462386635346338363231613038643533396534373234653732323466646262623438
36616364353735396261316465396232666339356465616565353263663235306664363235626466
65656339663239353439323433626565356162373564373462326539636335613262663238623238
63646366366261613161633339383930643234613937353631333734393961383265616463336561
34376361383034613765646363643563356334333465616535313336653733313063343633353164
39316335323836303433653733343661643438663665363764653735323734633132346337646434
63336463656331633563363064323633353137393431373932626236343039343336636533303162
61616264383666346130356563316131393733623366383536323236306432336236663237336539
35373664623235353063323463373239386362633638376365323933303331636337326532626133
65363437356332343835656432396130653934363933343262623862616630356165386137306338
33616233373236363832326235363566376338623739656538663131373732623362303762656534
32623964386466363833346261623331653230353563336134666138636533363433646662623261
38363662316262353661356666333936316237303135366265303465653332343739623437303730
38396539343665363139303037366130666664363361336539623666656131303038363939343534
33356430333931616232656663366338333734333231353262656235373836663234656139636462
36326435386230363235366362323236643436303763363632326432303361623931316232653332
39643961336361396665643332643433336566383638643732313736323837386635643033313438
36653434383261633934363637633432356562336134386237306232393231653861653738633234
6335613538333530323766313538376130623836653565353036
